a=5;
b=30;
h=2;
x = 5 tg(2x)-3 = -2.823673019291535
x = 7 tg(2x)-3 = -2.7506719971568194
x = 9 tg(2x)-3 = -2.6750803037670936
x = 11 tg(2x)-3 = -2.595973774164843
x = 13 tg(2x)-3 = -2.512267411434139
x = 15 tg(2x)-3 = -2.4226497308103743
x = 17 tg(2x)-3 = -2.3254914831575735
x = 19 tg(2x)-3 = -2.218714373493283
x = 21 tg(2x)-3 = -2.09959595570216
x = 23 tg(2x)-3 = -1.9644696862094306
x = 25 tg(2x)-3 = -1.80824640740579
x = 27 tg(2x)-3 = -1.6236180795288266
x = 29 tg(2x)-3 = -1.3996654709589496
